header: 
  seq: 2
  stamp: 
    secs: 1378935074
    nsecs: 300141660
  frame_id: /map
pose: 
  position: 
    x: 9.13716602325
    y: 29.5192985535
    z: 0.0
  orientation: 
    x: 0.0
    y: 0.0
    z: 0.976745011691
    w: 0.214404249344
