header: 
  seq: 3
  stamp: 
    secs: 1378137309
    nsecs: 162279169
  frame_id: /map
pose: 
  position: 
    x: 15.9832344055
    y: -17.9938011169
    z: 0.0
  orientation: 
    x: 0.0
    y: 0.0
    z: 0.914162531365
    w: 0.405347833655
