header: 
  seq: 1
  stamp: 
    secs: 1378136972
    nsecs: 37826542
  frame_id: /map
pose: 
  position: 
    x: -16.393409729
    y: 10.9479045868
    z: 0.0
  orientation: 
    x: 0.0
    y: 0.0
    z: 0.931435239899
    w: -0.363907122593
