header: 
  seq: 2
  stamp: 
    secs: 1378137094
    nsecs: 697547146
  frame_id: /map
pose: 
  position: 
    x: 18.1530284882
    y: -24.2311191559
    z: 0.0
  orientation: 
    x: 0.0
    y: 0.0
    z: 0.919266089507
    w: 0.393636706474
