header: 
  seq: 0
  stamp: 
    secs: 1378121102
    nsecs: 14357123
  frame_id: map
pose: 
  position: 
    x: 13.326590538
    y: 23.6184940338
    z: 0.0
  orientation: 
    x: 0.0
    y: 0.0
    z: -0.00726897682852
    w: 0.999973580639
